"rotation_matrix": [[-0.99934216, 0.02639555, -0.02486995], [0.02960835, 0.19781778, -0.97979155], [-0.02094242, -0.97988336, -0.19846918]]
"translation_matrix": [0.5, 0.0, -0.29999999999999893]