"camera_matrix": [[372.05989, 0.0, 717.52247], [0.0, 372.73202, 267.28671], [0.0, 0.0, 1.0]]
"dist_coefs": [0.013022, -0.005321, 0.001918, -0.002562, 0.0]